91.221
92.021
91.461
90.466
90.391
90.93
91.96
91.733
92.402
93.778
94.194
93.031
94.602
96.627
97.387
98.497
97.594
97.469
98.165
99.147
98.077
98.272
98.837
98.66
97.272
97.711
98.021
98.171
98.583
96.241
94.501
95.889
96.941
97.856
97.527
98.701
97.919
97.245
98.947
98.511
99.516
100.26
100.971
100.39
99.725
100.397
100.283
100.075
98.963
99.356
99.25
99.23
97.869
98.695
97.983
97.944
97.099
96.751
96.424
97.631
98.606
99.255
98.766
98.793
98.286
99.089
98.435
97.458
96.417
95.283
95.767
95.115
96.277
95.96
94.864
94.39
94.799
94.79
95.004
95.316
96.831
95.27
96.452
95.747
95.963
96.543
98.837
98.442
97.368
98.092
97.612
98.359
97.79
96.371
95.711
96.39
96.179
95.838
95.214
95.627
