91.3843651004879
91.2947311719206
91.1818786057955
91.1027137858635
91.135680253152
91.3324442932074
91.6866497068116
92.1513138829959
92.6721273352883
93.2127396080249
93.7807973227927
94.4287259843396
95.1921079074284
96.0158613885709
96.7666215448746
97.3329147903042
97.7047615673448
97.951801089214
98.1394153140166
98.2819420144345
98.3638566731228
98.3729977667763
98.30922238533
98.1903626627601
98.0564033058312
97.937683284391
97.8049669811322
97.5780379996784
97.2180598244811
96.8149959335315
96.5546652762262
96.574343432784
96.8534921362489
97.247044909511
97.6062780710491
97.8685641824687
98.0683755050531
98.2898122544177
98.5999539850047
99.0046535394375
99.4464571959328
99.8347496104174
100.093288574432
100.201349347947
100.191499266704
100.104698879455
99.9585908799011
99.7618653332798
99.5359906894893
99.3038424643866
99.0687236488911
98.8211242479855
98.5576460707516
98.2800411271267
97.9880172530841
97.6959272159268
97.4590533156315
97.3650872106992
97.4775025287704
97.7740083182006
98.1426330652419
98.4490299460923
98.6144728067558
98.6317240022333
98.5159587688825
98.258970980136
97.8437742274244
97.2987383430578
96.7205016590916
96.2301624687519
95.8985766244393
95.7046761497385
95.5615753985093
95.3923137604282
95.1933315585876
95.0298304278564
94.9750614650862
95.0575847965473
95.2511600594797
95.493315252728
95.7184586376121
95.8984074797625
96.0651806200184
96.2904060594357
96.6260547871771
97.0460700431782
97.4470535117494
97.7240327676186
97.8458320302643
97.8446962490213
97.746372968929
97.5406210434644
97.2248693291677
96.8502965208435
96.4998273812463
96.2244735520819
96.0200170427975
95.8616811756167
95.7377076175373
95.6481761413777
