0.02481760695464
0.0646455945379945
0.0872991571051864
0.0330373589825554
-0.108374755160524
-0.279606726018275
-0.418386979719521
-0.501034885232795
-0.533942003290736
-0.548380057097611
-0.597637541135485
-0.705699540346951
-0.811686502028535
-0.811590563694967
-0.669785988101815
-0.46162725516025
-0.295374830496828
-0.21046527125029
-0.166602721426356
-0.115200280230342
-0.0465641744480882
0.028393203893625
0.0963932356827464
0.134095183943726
0.127690838604048
0.114671745675096
0.165922151226596
0.296219185684695
0.408186799124496
0.364119797139606
0.131517306515886
-0.166703312312039
-0.36504756995843
-0.395677250169515
-0.312242777386753
-0.218957438319678
-0.195906113215591
-0.258937576304418
-0.362312902485659
-0.436978124714887
-0.43068838673148
-0.332384755347595
-0.18126226107013
-0.04121379132255
0.0534506179855673
0.117582943864435
0.173681775003763
0.215914472314777
0.231543613208034
0.232375776886941
0.239876703117336
0.255820613605992
0.270616266488114
0.284964829474052
0.297266758176399
0.277600528163328
0.180468702855355
-0.00432374371687184
-0.216904524006259
-0.356148394021496
-0.357193952289491
-0.242207285066744
-0.0884942991236775
0.0505293585319346
0.182676410530156
0.335245471103124
0.490902909010598
0.582222561539799
0.552643942118673
0.415440133719557
0.251723174335875
0.1519886837137
0.148265552384337
0.190738824094393
0.195146784858683
0.118677590599705
-0.0140018958639878
-0.146327751968972
-0.229861835402745
-0.242768829659667
-0.202363401176465
-0.163227251116917
-0.183340367437145
-0.276910696358964
-0.390106420004924
-0.431207656973139
-0.351732968302123
-0.197287107745696
-0.0531667771092829
0.0505619098250463
0.148742144554349
0.264172157263517
0.358291951378228
0.375270199674654
0.314620529437474
0.230458735555167
0.164419885938609
0.113123587066193
0.0643876894588207
0.0259760091166505
